Time	Fp1_Delta(%)	Fp1_Theta(%)	Fp1_Alpha(%)	Fp1_Beta(%)	Fp1_Gamma(%)	Fp2_Delta(%)	Fp2_Theta(%)	Fp2_Alpha(%)	Fp2_Beta(%)	Fp2_Gamma(%)	Heartbeat(bpm)	SDNN(ms)	RMSSD(ms)	VLF(%)	LF(%)	HF(%)
오후 1:49:25.583 	10.139600	41.902134	28.358402	8.669370	5.300418	9.255997	40.802520	32.185756	6.923788	5.635929	77.380353	43.322408	79.480429
오후 1:49:26.868 	15.251970	23.502801	31.665209	7.989115	6.515285	15.898974	28.553716	28.570921	6.222339	6.681950	77.380353	43.322408	79.480429
오후 1:49:27.898 	18.028545	35.733508	14.400039	11.999453	9.289926	19.615752	40.507345	13.397041	9.385043	9.949840	79.073359	61.298261	97.212534
오후 1:49:29.309 	18.248087	35.158073	14.978420	12.223633	8.767856	20.935785	38.810316	12.991296	10.411514	9.361728	82.432916	66.559260	80.149549
오후 1:49:30.545 	17.254852	36.036124	16.509676	11.109569	9.185524	20.839738	39.428720	13.074533	9.666570	9.877796	87.025496	2.762136	3.906250
오후 1:49:31.861 	13.704840	47.965208	13.465263	7.737991	6.474346	20.089721	45.324645	10.942118	7.824289	6.998764	87.025496	2.762136	3.906250
오후 1:49:33.019 	22.113333	34.360416	15.283353	10.615002	8.288420	22.009616	29.788723	15.531558	13.033798	11.510600	91.610338	126.234948	212.253562
오후 1:49:34.439 	22.483949	35.656473	14.617129	10.491045	8.114893	20.989427	32.699487	13.097300	13.279894	11.680009	107.412587	141.382508	204.460255
오후 1:49:35.623 	22.109963	39.179522	15.071937	7.947948	7.378313	20.887555	36.714479	14.925919	9.884539	9.999106	110.822511	128.330865	178.141704
오후 1:49:36.866 	30.380045	30.602732	19.733200	7.659782	5.757063	26.392660	29.886370	18.461936	10.641042	8.643638	108.423529	118.473843	171.296968
오후 1:49:38.139 	14.580500	16.211100	28.618452	18.918601	16.475691	13.023382	13.462321	23.865243	22.323431	21.459490	124.372470	75.895934	108.154462
오후 1:49:39.519 	13.109759	15.197491	27.527927	18.879392	18.788869	10.287762	9.317474	25.031278	23.115010	24.148278	125.901639	80.529407	112.622682	9.756260	45.438756	44.804984
오후 1:49:40.685 	11.292286	15.764772	24.089751	21.451416	20.723275	10.131118	8.067606	23.534194	25.554773	24.618457	125.285481	80.557824	90.119312	11.107227	47.225727	41.667046
오후 1:49:42.080 	7.159660	17.483579	22.117556	23.485274	21.154291	6.461683	11.183038	22.089860	27.841182	24.080917	125.047490	66.997217	74.751378	11.072190	46.303627	42.624183
오후 1:49:43.460 	6.177445	18.223310	19.009947	25.477188	23.841303	5.093388	12.187546	20.500187	28.360358	25.635712	120.156454	54.318884	73.516414	8.791965	43.980975	47.227059
오후 1:49:44.653 	7.088227	26.897019	17.504385	20.472527	18.233112	10.863852	20.333528	19.692343	21.935137	20.156811	117.611026	53.030131	79.839584	9.524006	40.587304	49.888690
오후 1:49:45.966 	8.605196	31.865516	20.183219	18.675554	13.842512	12.736901	28.057317	20.412377	19.444211	14.423865	111.953353	66.887046	96.279356	10.480919	45.910453	43.608629
오후 1:49:47.326 	7.931295	34.727283	22.047322	18.118084	10.778024	14.558979	30.698256	19.747422	17.234422	12.470045	116.806084	70.276322	125.406241	9.065185	50.867938	40.066878
오후 1:49:48.500 	6.106665	34.596919	20.806929	20.717150	10.911259	14.499821	28.794106	18.671623	20.558620	12.410504	110.107527	93.178597	153.954492	7.589140	56.802879	35.607981
오후 1:49:49.594 	5.599550	35.587882	22.022563	21.058967	9.896299	13.810651	28.678522	18.345632	20.381487	12.191293	111.103074	99.609375	169.685989	4.755639	40.241360	55.003002
오후 1:49:50.807 	3.412864	31.967705	24.031894	23.897889	11.476895	9.522931	24.931807	20.824720	23.256801	13.795204	109.714286	87.608053	147.328298	3.267777	40.272349	56.459874
오후 1:49:51.996 	18.055847	41.424188	14.219365	11.516541	6.395101	16.114676	37.259339	11.674934	12.934704	9.232793	103.364738	84.170397	123.139846	2.465296	46.527784	51.006920
오후 1:49:53.175 	38.861903	34.056261	9.858421	8.052897	4.736025	32.195988	34.737880	9.121021	9.235913	7.322104	111.036145	85.104868	81.227461	1.701014	47.434397	50.864588
오후 1:49:54.411 	35.399828	32.435914	14.728536	7.604399	4.145713	30.233305	32.267184	13.792243	9.051870	6.703906	108.474576	91.884101	86.402330	1.545054	49.612779	48.842166
오후 1:49:55.897 	40.730475	39.049858	7.439637	5.199936	2.924304	38.673144	38.527870	6.498045	5.826194	4.443305	118.701700	88.111701	115.960372	1.842011	45.533979	52.624010
오후 1:49:57.115 	38.395581	38.532364	8.257829	6.177001	3.445759	37.249760	37.686126	7.196633	6.495797	5.174990	111.103074	156.392351	190.687426	2.960529	47.607097	49.432374
오후 1:49:58.508 	31.933138	42.427302	8.639517	7.422251	4.462166	34.096157	38.024566	7.566667	8.503517	6.279613	117.476099	169.051591	267.285709	3.677892	44.742391	51.579716
오후 1:49:59.994 	34.670708	39.501582	8.547254	7.410667	4.615359	35.702023	36.581288	7.483196	8.542773	6.199235	118.153846	137.974147	216.054825	4.280209	51.233207	44.486584
오후 1:50:01.314 	18.081053	19.734077	23.132212	17.282924	12.128867	15.736807	22.549756	21.042355	18.612085	15.418594	112.775330	141.851208	192.360504	5.969444	49.982390	44.048166
오후 1:50:02.561 	14.902596	13.085855	21.113760	22.691487	21.146666	14.077560	11.284355	18.414088	24.469485	24.024388	107.262570	198.900634	224.634849	5.969444	49.982390	44.048166
오후 1:50:03.795 	26.457960	51.918469	7.698486	5.055975	5.170961	24.994265	46.070227	8.199478	7.055503	8.142315	95.760599	194.227455	236.376545	7.375266	55.407592	37.217142
오후 1:50:04.912 	29.975004	48.338756	8.235917	4.799748	4.861058	30.170324	41.759871	8.567745	6.130905	7.420568	82.914980	175.256015	256.239281	7.726995	54.425148	37.847856
오후 1:50:06.315 	28.230372	50.422004	7.771178	4.625054	4.858733	28.532850	44.267794	8.242030	6.122733	7.284783	93.887531	146.695161	158.203125	7.219623	57.148295	35.632082
오후 1:50:07.495 	28.683221	49.365864	8.010428	4.783897	4.635011	29.776768	42.431970	8.591628	6.409076	6.962008	98.461538	153.590650	199.817829	5.599980	64.386070	30.013950
오후 1:50:08.834 	25.536878	52.226275	7.970675	4.487487	4.311541	26.225510	46.021837	8.219379	6.503812	6.572373	105.494505	161.073024	198.701074	0.524220	66.227070	33.248710
오후 1:50:10.193 	7.894579	14.347582	20.326535	25.611709	20.028045	5.701292	16.835712	22.063956	28.222911	20.521212	115.488722	135.804233	222.404829	0.897294	67.126852	31.975855
오후 1:50:11.387 	20.544353	35.136271	12.703164	10.512059	7.547751	17.699846	37.059652	14.849407	12.509017	9.441605	129.620253	94.101987	162.348437	2.080022	69.529292	28.390686
오후 1:50:12.586 	19.792430	36.352625	13.658476	9.820997	6.901250	17.111342	38.465161	16.607999	11.336679	8.735893	128.805031	69.612765	70.781135	3.595560	69.867000	26.537439
오후 1:50:13.844 	21.593172	32.515063	15.026197	11.610781	7.037240	17.786580	34.276491	18.725105	12.084690	9.306561	124.878049	58.114358	89.645388	2.675664	69.480524	27.843813
오후 1:50:15.154 	18.449961	34.652839	18.558443	9.615897	6.074406	15.467692	36.666328	20.486510	10.835820	8.627548	122.683706	53.872272	82.979085	1.741064	72.552630	25.706305
오후 1:50:16.482 	20.693511	54.498505	9.965709	5.609610	3.390470	18.794319	50.902135	11.726007	7.073923	5.824512	110.662824	103.364424	123.680783	3.217064	61.616638	35.166298
오후 1:50:18.011 	26.074771	52.637627	6.777115	5.341206	4.014119	22.785363	49.360706	8.292384	7.265687	6.899539	105.385935	103.515625	132.620879	0.889406	58.400320	40.710274
오후 1:50:19.526 	27.292426	52.227028	6.936984	5.192284	4.056108	23.247215	48.697133	7.958992	7.427175	7.442837	103.364738	102.034660	152.418852	0.889406	58.400320	40.710274
오후 1:50:21.016 	29.381556	53.302584	6.184325	4.363686	3.527754	25.394564	51.106227	7.595741	6.026226	6.299553	105.349794	112.110056	122.238166	0.604438	62.038073	37.357489
오후 1:50:22.282 	27.521158	38.388463	10.492060	8.558825	7.430980	26.596921	36.824260	11.711537	8.908058	10.002066	114.970060	86.847104	105.051983	0.724907	59.228552	40.046541
오후 1:50:23.643 	34.237106	48.002737	5.970515	3.506020	3.461313	32.930315	45.316011	8.314528	3.547973	4.912741	112.280702	101.012634	133.357109	1.391799	52.622385	45.985816
오후 1:50:24.711 	28.294400	43.675869	12.676489	4.502507	3.558106	26.619332	38.517374	17.989226	4.781835	4.896942	114.285714	89.784287	91.713726	5.092607	46.382779	48.524615
오후 1:50:25.393 	33.268396	49.053335	6.699746	2.828081	2.090347	33.819983	43.857353	9.633897	2.938521	2.774943	111.304348	97.107835	136.997484	5.012282	44.496820	50.490897
